nu = 0.1 
((8, 47), (100, 0, 0.0029890898449878808)) 
nu = 0.2 
((7, 52), (100, 0, 0.009221055854297326)) 
nu = 0.30000000000000004 
